 F
       32552       69312           3        2048
   -0.153067853106832786E+03   -0.142048534486479269E+03
 T
   2
    0.200000000000000000E+01    0.300000000000000000E+01    0.273437500000000000E-01    0.972656250000000000E+00
   0
   0
 T T     0           0
    0.000000000000000000E+00   -0.100000000000000002+101    0.000000000000000000E+00
 T F     1          56
    0.234474151406453853E-07   -0.162581844811828802E+03   -0.148743136490559294E+03
 T F     1        1992
    0.322467321642982735E-06   -0.153067926921374834E+03   -0.142048040309248051E+03
