 F
      131018      183249          81        2048
   -0.175633004840774447E+05   -0.174967379533203821E+05
 T
   2
    0.200000000000000000E+01    0.300000000000000000E+01    0.968261718750000000E+00    0.317382812500000000E-01
   3
    0.400000000000000000E+01    0.500000000000000000E+01    0.600000000000000000E+01    0.955622793746848220E+00    0.105900151285930402E-01    0.337871911245587464E-01
   0
   2
    0.700000000000000000E+01    0.800000000000000000E+01    0.925065963060686003E+00    0.749340369393139832E-01
   0
   2
    0.110000000000000000E+02    0.120000000000000000E+02    0.716417910447761153E+00    0.283582089552238792E+00
   2
    0.900000000000000000E+01    0.100000000000000000E+02    0.446092413006274946E+00    0.549343981745578969E+00
   2
    0.150000000000000000E+02    0.160000000000000000E+02    0.119718309859154923E+00    0.100000000000000000E+01
   2
    0.210000000000000000E+02    0.220000000000000000E+02    0.471867007672634287E+00    0.528132992327365769E+00
   2
    0.270000000000000000E+02    0.280000000000000000E+02    0.166147455867082031E-01    0.100000000000000000E+01
   2
    0.130000000000000000E+02    0.140000000000000000E+02    0.625000000000000000E+00    0.375000000000000000E+00
   0
   0
   0
   0
   2
    0.170000000000000000E+02    0.180000000000000000E+02    0.831999999999999962E+00    0.168000000000000010E+00
   2
    0.190000000000000000E+02    0.200000000000000000E+02    0.221153846153846145E+00    0.778846153846153855E+00
   0
   0
   0
   2
    0.330000000000000000E+02    0.340000000000000000E+02    0.945799457994579984E+00    0.542005420054200576E-01
   2
    0.230000000000000000E+02    0.240000000000000000E+02    0.929782082324455250E+00    0.702179176755447915E-01
   2
    0.250000000000000000E+02    0.260000000000000000E+02    0.950520833333333370E+00    0.494791666666666644E-01
   0
   2
    0.510000000000000000E+02    0.520000000000000000E+02    0.493150684931506822E+00    0.506849315068493178E+00
   0
   0
   2
    0.290000000000000000E+02    0.300000000000000000E+02    0.980992608236536445E+00    0.190073917634635686E-01
   2
    0.310000000000000000E+02    0.320000000000000000E+02    0.969860064585575943E+00    0.301399354144241127E-01
   0
   2
    0.370000000000000000E+02    0.380000000000000000E+02    0.536071032186459462E+00    0.463928967813540538E+00
   0
   2
    0.350000000000000000E+02    0.360000000000000000E+02    0.942693409742120347E+00    0.573065902578796596E-01
   0
   2
    0.450000000000000000E+02    0.460000000000000000E+02    0.109422492401215807E+00    0.890577507598784179E+00
   0
   2
    0.410000000000000000E+02    0.420000000000000000E+02    0.952380952380952328E-01    0.904761904761904767E+00
   2
    0.390000000000000000E+02    0.400000000000000000E+02    0.949760765550239250E+00    0.502392344497607640E-01
   2
    0.430000000000000000E+02    0.440000000000000000E+02    0.954659949622166271E+00    0.453400503778337502E-01
   0
   2
    0.490000000000000000E+02    0.500000000000000000E+02    0.543478260869565188E+00    0.456521739130434756E+00
   2
    0.700000000000000000E+02    0.710000000000000000E+02    0.837528604118993103E+00    0.162471395881006869E+00
   2
    0.470000000000000000E+02    0.480000000000000000E+02    0.852242744063324564E+00    0.147757255936675463E+00
   0
   0
   3
    0.610000000000000000E+02    0.620000000000000000E+02    0.630000000000000000E+02    0.505119453924914641E+00    0.194539249146757687E+00    0.300341296928327672E+00
   2
    0.660000000000000000E+02    0.670000000000000000E+02    0.777089783281733726E+00    0.222910216718266246E+00
   2
    0.530000000000000000E+02    0.540000000000000000E+02    0.517857142857142905E+00    0.303571428571428548E+00
   0
   0
   2
    0.550000000000000000E+02    0.560000000000000000E+02    0.316666666666666652E+00    0.683333333333333348E+00
   2
    0.590000000000000000E+02    0.600000000000000000E+02    0.729729729729729715E+00    0.270270270270270285E+00
   0
   0
   0
   2
    0.570000000000000000E+02    0.580000000000000000E+02    0.422764227642276447E+00    0.577235772357723609E+00
   0
   0
   0
   0
   2
    0.640000000000000000E+02    0.650000000000000000E+02    0.878378378378378399E+00    0.121621621621621628E+00
   0
   0
   0
   0
   2
    0.720000000000000000E+02    0.730000000000000000E+02    0.796812749003984050E-01    0.920318725099601553E+00
   2
    0.680000000000000000E+02    0.690000000000000000E+02    0.652777777777777790E+00    0.347222222222222210E+00
   0
   0
   2
    0.740000000000000000E+02    0.750000000000000000E+02    0.937158469945355233E+00    0.628415300546448091E-01
   0
   0
   0
   2
    0.760000000000000000E+02    0.770000000000000000E+02    0.953352769679300271E+00    0.466472303206997077E-01
   0
   2
    0.780000000000000000E+02    0.790000000000000000E+02    0.446483180428134563E+00    0.553516819571865493E+00
   0
   0
   2
    0.800000000000000000E+02    0.810000000000000000E+02    0.287292817679557999E+00    0.712707182320441945E+00
   0
   0
 T T     0           0
    0.000000000000000000E+00   -0.100000000000000002+101    0.000000000000000000E+00
 T T     1           0
    0.000000000000000000E+00   -0.100000000000000002+101    0.000000000000000000E+00
 T F     1          65
    0.181957934302210259E-24   -0.186991558500094361E+05   -0.186463242663831443E+05
 T T     2           0
    0.000000000000000000E+00   -0.100000000000000002+101    0.000000000000000000E+00
 T F     2          21
    0.599681290907234373E-19   -0.190649283271042113E+05   -0.190245573673154977E+05
 T T     2           0
    0.000000000000000000E+00   -0.100000000000000002+101    0.000000000000000000E+00
 T T     4           8
    0.669643495135850826E-28   -0.187240650557239460E+05   -0.186630457356480365E+05
 T T     4           0
    0.000000000000000000E+00   -0.100000000000000002+101    0.000000000000000000E+00
 T T     7           0
    0.000000000000000000E+00   -0.100000000000000002+101    0.000000000000000000E+00
 T T     7           0
    0.000000000000000000E+00   -0.100000000000000002+101    0.000000000000000000E+00
 T T     6           0
    0.000000000000000000E+00   -0.100000000000000002+101    0.000000000000000000E+00
 T F     6          19
    0.360663397835531418E-26   -0.185189209057035514E+05   -0.184611989115517026E+05
 T F    11          30
    0.109184825805706552E-24   -0.186684455540389026E+05   -0.186158143223129664E+05
 T F    11          18
    0.121735858259989707E-23   -0.186692394614611003E+05   -0.186170197643424326E+05
 T F     8          17
    0.149454357752427967E-26   -0.188873879946294765E+05   -0.188286508963137167E+05
 T T     8           0
    0.000000000000000000E+00   -0.100000000000000002+101    0.000000000000000000E+00
 T T    16           0
    0.000000000000000000E+00   -0.100000000000000002+101    0.000000000000000000E+00
 T F    16          21
    0.605384120077248065E-26   -0.188914961928064622E+05   -0.188342381194374248E+05
 T F    17          23
    0.198227536599767009E-28   -0.188833130700869988E+05   -0.188208988391003113E+05
 T F    17          81
    0.126516486971148997E-28   -0.188816107204993859E+05   -0.188196734510491624E+05
 T T     9           0
    0.000000000000000000E+00   -0.100000000000000002+101    0.000000000000000000E+00
 T T     9           0
    0.000000000000000000E+00   -0.100000000000000002+101    0.000000000000000000E+00
 T T    22           0
    0.000000000000000000E+00   -0.100000000000000002+101    0.000000000000000000E+00
 T F    22          29
    0.138794662458937949E-27   -0.184179248964317521E+05   -0.183577480726076174E+05
 T T    23           0
    0.000000000000000000E+00   -0.100000000000000002+101    0.000000000000000000E+00
 T F    23          19
    0.954889580030166576E-25   -0.183556493054918174E+05   -0.183017161371634356E+05
 T F    10          16
    0.494885216122444027E-25   -0.179256599469657813E+05   -0.178708703345085669E+05
 T T    10           0
    0.000000000000000000E+00   -0.100000000000000002+101    0.000000000000000000E+00
 T T    28           0
    0.000000000000000000E+00   -0.100000000000000002+101    0.000000000000000000E+00
 T F    28          18
    0.654546768316652028E-25   -0.178666265485746444E+05   -0.178117770254753050E+05
 T T    29           0
    0.000000000000000000E+00   -0.100000000000000002+101    0.000000000000000000E+00
 T F    29          28
    0.145545434319695342E-21   -0.179397889656340340E+05   -0.178935735698121935E+05
 T T    21           0
    0.000000000000000000E+00   -0.100000000000000002+101    0.000000000000000000E+00
 T F    21          20
    0.582677690839496581E-22   -0.184256999847984116E+05   -0.183772771035308178E+05
 T T    33           0
    0.000000000000000000E+00   -0.100000000000000002+101    0.000000000000000000E+00
 T F    33          20
    0.205190314625481759E-22   -0.183522415084813620E+05   -0.183026878649035716E+05
 T T    31           0
    0.000000000000000000E+00   -0.100000000000000002+101    0.000000000000000000E+00
 T T    31           0
    0.000000000000000000E+00   -0.100000000000000002+101    0.000000000000000000E+00
 T T    38           0
    0.000000000000000000E+00   -0.100000000000000002+101    0.000000000000000000E+00
 T F    38          21
    0.425154950553324981E-25   -0.177877667632265875E+05   -0.177344943355249998E+05
 T T    37           0
    0.000000000000000000E+00   -0.100000000000000002+101    0.000000000000000000E+00
 T T    37           0
    0.000000000000000000E+00   -0.100000000000000002+101    0.000000000000000000E+00
 T T    39           0
    0.000000000000000000E+00   -0.100000000000000002+101    0.000000000000000000E+00
 T F    39          18
    0.920187286033670261E-24   -0.177788020309904168E+05   -0.177277993954177618E+05
 T F    35          36
    0.345974709682625325E-27   -0.180923867733960142E+05   -0.180320343320126740E+05
 T T    35           0
    0.000000000000000000E+00   -0.100000000000000002+101    0.000000000000000000E+00
 T T    43           0
    0.000000000000000000E+00   -0.100000000000000002+101    0.000000000000000000E+00
 T T    43          10
    0.485774447654232065E-29   -0.177175427587304584E+05   -0.176541995262489218E+05
 T F    41          25
    0.572723272612715213E-24   -0.177284879826505603E+05   -0.176763915109153459E+05
 T F    41          21
    0.988362237881941146E-24   -0.177288065958328189E+05   -0.176766598704418175E+05
 T T    25           0
    0.000000000000000000E+00   -0.100000000000000002+101    0.000000000000000000E+00
 T T    25           0
    0.000000000000000000E+00   -0.100000000000000002+101    0.000000000000000000E+00
 T F    48          29
    0.197853619319352141E-26   -0.177217865338508527E+05   -0.176644605770075541E+05
 T F    48          17
    0.203643856718308259E-29   -0.177192746113078319E+05   -0.176559422768952500E+05
 T F    51          57
    0.998961243017823706E-28   -0.181342831547084934E+05   -0.180738882254321288E+05
 T T    51           0
    0.000000000000000000E+00   -0.100000000000000002+101    0.000000000000000000E+00
 T F    56          52
    0.860286521362818858E-28   -0.181353664748065494E+05   -0.180744049905394604E+05
 T F    56          71
    0.847524961130404224E-28   -0.181350062492630132E+05   -0.180743109162710025E+05
 T F    52         135
    0.107533811568859510E-27   -0.181283753417472435E+05   -0.180674408058722838E+05
 T F    52          50
    0.113557444781543523E-30   -0.181243295672901841E+05   -0.180569600344450482E+05
 T T    46           0
    0.000000000000000000E+00   -0.100000000000000002+101    0.000000000000000000E+00
 T F    46          57
    0.610977400821962210E-29   -0.180692401092237596E+05   -0.180050711113606885E+05
 T F    46          88
    0.428195342758939347E-31   -0.180663262460239857E+05   -0.179994864906874609E+05
 T F    61         130
    0.884268328252538548E-30   -0.180670846806682748E+05   -0.180023188046137766E+05
 T F    61          18
    0.278368115349975236E-29   -0.180705503747405819E+05   -0.180053869494956452E+05
 T T    47           0
    0.000000000000000000E+00   -0.100000000000000002+101    0.000000000000000000E+00
 T T    47           0
    0.000000000000000000E+00   -0.100000000000000002+101    0.000000000000000000E+00
 T F    67          47
    0.247045491063698532E-27   -0.176448934720484758E+05   -0.175847053378850724E+05
 T F    67          25
    0.135150074445450051E-27   -0.176455122766787936E+05   -0.175846733953996336E+05
 T T    42           0
    0.000000000000000000E+00   -0.100000000000000002+101    0.000000000000000000E+00
 T F    42          71
    0.723673741763202828E-30   -0.176285016898618851E+05   -0.175642603712078453E+05
 T F    66          20
    0.470518354201549829E-31   -0.175659809237094742E+05   -0.174970207428888607E+05
 T F    66         231
    0.206253118149232580E-30   -0.175633714786132950E+05   -0.174967171468032320E+05
 T T    70           0
    0.000000000000000000E+00   -0.100000000000000002+101    0.000000000000000000E+00
 T F    70          23
    0.132080358908227729E-29   -0.176326494435334462E+05   -0.175674815412002099E+05
 T T    74           0
    0.000000000000000000E+00   -0.100000000000000002+101    0.000000000000000000E+00
 T F    74          16
    0.284120629758752342E-30   -0.176325341498866728E+05   -0.175663101474934883E+05
 T F    76         146
    0.108412975186166614E-30   -0.176294806678753121E+05   -0.175635201950674200E+05
 T T    76           0
    0.000000000000000000E+00   -0.100000000000000002+101    0.000000000000000000E+00
 T F    79          52
    0.672032363491808241E-33   -0.176298417853051069E+05   -0.175600570188819111E+05
 T F    79         129
    0.307738641427327100E-33   -0.176287075290853718E+05   -0.175588429471661766E+05
