 F
       34495       65344           4        2048
   -0.155427442786566871E+03   -0.144830505056439677E+03
 T
   2
    0.200000000000000000E+01    0.300000000000000000E+01    0.255859375000000000E+00    0.744140625000000000E+00
   0
   1
    0.400000000000000000E+01    0.884514435695538004E+00
   0
 T T     0           0
    0.000000000000000000E+00   -0.100000000000000002+101    0.000000000000000000E+00
 T F     1         524
    0.192771533337161068E-06   -0.156981708946871606E+03   -0.145338107447688515E+03
 T T     1         176
    0.355202988812739221E-07   -0.157998277870527147E+03   -0.145190465813542801E+03
 T F     3        1348
    0.379554483184256007E-07   -0.155766861868912571E+03   -0.144641220064131261E+03
